# ID	Clay	Silt	Sand	bulk_density	OM_content	CEC	pH	k_sat	WC_pF1.0	WC_pF1.5	WC_pF2.0	WC_pF2.3	WC_pF2.7	WC_pF3.5	WC_pF4.2
1010	0.03	0.07	0.9	1.64	0.01	-999	-999	171.1	0.174285714	0.118	0.083333333	0.07	0.06	-999	-999
1011	0.03	0.07	0.9	1.52	-999	-999	-999	310	0.167142857	0.098	0.07	0.06	0.05	-999	-999
1012	0.02	0.075	0.905	1.4	-999	-999	-999	207	0.1375	0.08	0.0575	0.05	0.045	-999	-999
1013	0.02	0.065	0.915	1.49	-999	-999	-999	161	0.127	0.0875	0.045	0.04	0.035	-999	-999
1014	0.02	0.055	0.925	1.53	-999	-999	-999	199	0.125	0.08375	0.035	0.03	0.025	-999	-999
1015	0.06	0.06	0.88	1.72	-999	-999	-999	60.4	0.172	0.15875	0.13	0.123333333	0.12	-999	-999
1020	0.04	0.03	0.93	1.61	-999	-999	-999	-999	0.15	0.12	0.103333333	0.095	0.09	-999	-999
1021	0.06	0.025	0.915	1.58	-999	-999	-999	-999	0.121428571	0.098	0.083333333	0.075	0.07	-999	-999
1022	0.04	0.03	0.93	1.6	-999	-999	-999	-999	0.1	0.078	0.063333333	0.055	0.06	-999	-999
1023	0.02	0.02	0.96	1.67	-999	-999	-999	-999	0.083333333	0.065	0.05	0.03	-999	-999	-999
1024	0.02	0.015	0.965	1.68	-999	-999	-999	-999	0.078333333	0.0625	0.05	0.04	-999	-999	-999
1030	0.07	0.07	0.86	1.48	1.7	-999	-999	-999	0.189	0.15125	0.1075	0.08	0.04	0.04	-999
1031	0.07	0.07	0.86	1.48	0.2	-999	-999	-999	0.183	0.1475	0.1025	0.075	0.04	0.04	-999
1032	0.07	0.065	0.865	1.53	0.1	-999	-999	-999	0.186	0.15375	0.105	0.065	0.03	0.03	-999
1041	0.02	0.025	0.955	1.512	0.783	-999	-999	542.9	0.16	0.11	0.063333333	0.06	-999	-999	-999
1042	0.03	0.005	0.965	1.562	0.31	-999	-999	666.2	0.156363636	0.10125	0.053333333	0.05	-999	-999	-999
1043	0.03	0.02	0.95	1.593	-999	-999	-999	691.9	0.149090909	0.09375	0.036666667	0.03	-999	-999	-999
1050	0.03	0.02	0.95	1.6	-999	-999	-999	708	0.113636364	0.085555556	0.068	0.063333333	-999	-999	-999
1051	0.08	0.02	0.9	1.59	-999	-999	-999	742	0.11	0.08	0.063333333	0.063333333	-999	-999	-999
1052	0.06	0.015	0.925	1.55	-999	-999	-999	1117	0.077272727	0.064444444	0.056	0.053333333	-999	-999	-999
1053	0.03	0.005	0.965	1.54	-999	-999	-999	2784	0.05	0.037777778	0.032	0.03	-999	-999	-999
1054	0.02	0	0.98	1.54	-999	-999	-999	4176	0.035454545	0.026666667	0.022	0.02	-999	-999	-999
1060	0.02	0.025	0.955	1.55	-999	-999	-999	852	0.110909091	0.082222222	0.062	0.056666667	-999	-999	-999
1061	0.04	0.025	0.935	1.59	-999	-999	-999	698	0.085454545	0.061111111	0.046	0.043333333	-999	-999	-999
1062	0.07	0.025	0.905	1.56	-999	-999	-999	1043	0.1	0.077777778	0.064	0.06	-999	-999	-999
1063	0.04	0.015	0.945	1.55	-999	-999	-999	1654	0.078181818	0.053333333	0.042	0.04	-999	-999	-999
1070	0.02	0.025	0.955	1.46	-999	-999	-999	2400	0.129090909	0.102222222	0.078	0.073333333	-999	-999	-999
1071	0.04	0.02	0.94	1.62	-999	-999	-999	475	0.091818182	0.072222222	0.056	0.053333333	-999	-999	-999
1072	0.05	0.01	0.94	1.6	-999	-999	-999	1397	0.079090909	0.061111111	0.048	0.046666667	-999	-999	-999
1073	0.03	0	0.97	1.59	-999	-999	-999	2086	0.055454545	0.04	0.03	0.03	-999	-999	-999
1074	0.02	0	0.98	1.55	-999	-999	-999	3672	0.046363636	0.032222222	0.022	0.02	-999	-999	-999
1075	0.05	0	0.95	1.57	-999	-999	-999	2808	0.071818182	0.057777778	0.048	0.046666667	-999	-999	-999
1080	0.07	0.1	0.83	1.7	-999	-999	-999	23.7	-999	-999	-999	-999	-999	-999	-999
1081	0.07	0.1	0.83	1.7	-999	-999	-999	23.7	-999	-999	-999	-999	-999	-999	-999
1082	0.07	0.1	0.83	1.7	-999	-999	-999	23.7	-999	-999	-999	-999	-999	-999	-999
1083	0.07	0.1	0.83	1.7	-999	-999	-999	23.7	-999	-999	-999	-999	-999	-999	-999
1084	0.07	0.1	0.83	1.7	-999	-999	-999	23.7	-999	-999	-999	-999	-999	-999	-999
1085	0.07	0.1	0.83	1.7	-999	-999	-999	23.7	-999	-999	-999	-999	-999	-999	-999
1086	0.07	0.1	0.83	1.7	-999	-999	-999	23.7	-999	-999	-999	-999	-999	-999	-999
1087	0.07	0.1	0.83	1.7	-999	-999	-999	23.7	-999	-999	-999	-999	-999	-999	-999
1090	0.05	0.08	0.87	1.59	-999	-999	-999	86.4	0.175833333	0.152	0.116666667	0.1025	0.04	0.04	-999
1091	0.16	0.085	0.755	1.63	-999	-999	-999	74.9	0.19	0.178	0.155	0.145	0.09	0.09	-999
1092	0.28	0.07	0.65	1.6	-999	-999	-999	5.53	0.3	0.294	0.276666667	0.265	0.2	0.2	-999
1100	0.05	0.03	0.92	1.74	-999	-999	-999	-999	0.128571429	0.106666667	0.083333333	0.08	0.08	-999	-999
1101	0.11	0.04	0.85	1.83	-999	-999	-999	-999	0.135714286	0.13	0.11	0.105	0.1	-999	-999
1102	0.22	0.04	0.74	1.71	-999	-999	-999	-999	0.215714286	0.208333333	0.183333333	0.175	0.17	-999	-999
1103	0.29	0.025	0.685	1.56	-999	-999	-999	-999	0.28	0.271666667	0.25	0.245	0.24	-999	-999
1104	0.29	0.01	0.7	1.63	-999	-999	-999	-999	0.29	0.285	0.26	0.25	0.24	-999	-999
1110	0.01	0.05	0.94	1.69	-999	-999	-999	-999	0.163333333	0.13	0.09	0.083333333	0.08	-999	-999
1111	0.02	0.07	0.91	1.73	-999	-999	-999	-999	0.14	0.118571429	0.0875	0.08	0.075	-999	-999
1112	0.17	0.08	0.75	1.58	-999	-999	-999	-999	0.237777778	0.225714286	0.195	0.186666667	0.18	-999	-999
1113	0.27	0.045	0.685	1.49	-999	-999	-999	-999	0.3	0.287142857	0.2625	0.253333333	0.245	-999	-999
1114	0.26	0.055	0.685	1.58	-999	-999	-999	-999	0.303333333	0.312857143	0.2925	0.283333333	0.275	-999	-999
1115	0.31	0.065	0.625	1.59	-999	-999	-999	-999	0.345555556	0.335714286	0.315	0.306666667	0.3	-999	-999
1116	0.28	0.06	0.66	1.7	-999	-999	-999	-999	0.315555556	0.308571429	0.29	0.28	0.27	-999	-999
1117	0.24	0.045	0.715	1.75	-999	-999	-999	-999	0.288888889	0.282857143	0.265	0.256666667	0.25	-999	-999
1120	0.08	0.15	0.77	1.63	0.01	-999	-999	37.9	0.165	0.148571429	0.11	0.0925	0.083333333	0.08	-999
1121	0.18	0.135	0.685	1.64	-999	-999	-999	7.13	0.247142857	0.235	0.2025	0.18	0.15	0.08	-999
1122	0.26	0.135	0.605	1.66	-999	-999	-999	2.92	0.31875	0.315714286	0.304	0.2975	0.29	0.27	-999
1123	0.31	0.17	0.52	1.64	-999	-999	-999	0.74	0.32375	0.32	0.31	0.3025	0.293333333	0.27	-999
1130	0.06	0.11	0.83	1.56	-999	-999	-999	2.74	0.135714286	0.135714286	0.118333333	0.112727273	0.09875	0.05	-999
1131	0.07	0.11	0.82	1.97	-999	-999	-999	3.744	0.139285714	0.139285714	0.13	0.126363636	0.115	0.075	-999
1132	0.21	0.105	0.685	1.77	-999	-999	-999	0.415	0.247142857	0.247142857	0.2375	0.233636364	0.22125	0.155	-999
1133	0.28	0.075	0.645	1.81	-999	-999	-999	0.091	0.289285714	0.289285714	0.284166667	0.280909091	0.26875	0.205	-999
1134	0.4	0.055	0.545	1.68	-999	-999	-999	0.019	0.333571429	0.333571429	0.328333333	0.325454545	0.31625	0.27	-999
1135	0.41	0.045	0.545	1.63	-999	-999	-999	0.142	0.362857143	0.362857143	0.355	0.350909091	0.335	0.27	-999
1140	0.02	0.03	0.95	1.56	-999	-999	-999	177.4	0.153636364	0.112222222	0.072	0.066666667	-999	-999	-999
1141	0.02	0.04	0.94	1.7	-999	-999	-999	38.6	0.15	0.122222222	0.086	0.083333333	-999	-999	-999
1142	0.03	0.05	0.92	1.8	-999	-999	-999	13.4	0.146363636	0.128888889	0.098	0.093333333	-999	-999	-999
1143	0.1	0.045	0.855	1.75	-999	-999	-999	23.5	0.18	0.167777778	0.146	0.14	-999	-999	-999
1150	0.1	0.045	0.855	1.76	-999	-999	-999	-999	-999	-999	-999	-999	-999	-999	-999
1151	0.06	0.045	0.895	1.8	-999	-999	-999	-999	-999	-999	-999	-999	-999	-999	-999
1152	0.24	0.04	0.72	1.74	-999	-999	-999	-999	-999	-999	-999	-999	-999	-999	-999
1160	0.08	0.065	0.855	1.56	-999	-999	-999	558	0.149230769	0.127272727	0.10375	0.098571429	0.0825	0.06	-999
1161	0.18	0.09	0.73	1.77	-999	-999	-999	57.6	0.190769231	0.182727273	0.1725	0.17	0.18	0.165	-999
1162	0.49	0.065	0.445	1.54	-999	-999	-999	93.4	0.350769231	0.342727273	0.32875	0.324285714	0.3225	0.305	-999
1163	0.47	0.06	0.47	1.49	-999	-999	-999	111	0.338461538	0.330909091	0.31875	0.315714286	0.3075	0.295	-999
1164	0.32	0.09	0.59	1.72	-999	-999	-999	0.643	0.32	0.313636364	0.30125	0.297142857	0.2775	0.255	-999
1165	0.25	0.095	0.655	1.72	-999	-999	-999	1.43	0.306153846	0.3	0.29125	0.29	0.2875	0.25	-999
1166	0.2	0.095	0.705	1.69	-999	-999	-999	11.7	0.296153846	0.287272727	0.27	0.265714286	0.2675	0.245	-999
1170	0.06	0.1	0.84	1.7	-999	-999	-999	-999	0.222	0.211111111	0.182	0.17	0.17	-999	-999
1171	0.21	0.09	0.7	1.62	-999	-999	-999	-999	0.273	0.268888889	0.256	0.25	0.25	-999	-999
1172	0.38	0.1	0.52	1.27	-999	-999	-999	-999	0.413	0.41	0.398	0.393333333	0.39	-999	-999
1173	0.39	0.115	0.495	1.38	-999	-999	-999	-999	0.428	0.424444444	0.412	0.403333333	0.4	-999	-999
1174	0.35	0.06	0.59	1.4	-999	-999	-999	-999	0.419	0.415555556	0.398	0.386666667	0.38	-999	-999
1180	0.38	0.11	0.51	1.55	0.01	-999	-999	215	0.317272727	0.308888889	0.293333333	0.288	0.27	0.26	-999
1181	0.48	0.11	0.41	1.43	-999	-999	-999	178	0.365	0.355	0.334	0.334	0.31	0.29	-999
1182	0.54	0.065	0.395	1.36	-999	-999	-999	1.25	0.425454545	0.416666667	0.4	0.394	0.373333333	0.355	-999
1183	0.32	0.09	0.59	1.44	-999	-999	-999	0.129	0.403636364	0.394444444	0.378333333	0.372	0.356666667	0.35	-999
1184	0.33	0.1	0.57	1.44	-999	-999	-999	0.224	0.366363636	0.353333333	0.328333333	0.318	0.286666667	0.265	-999
1190	0.22	0.23	0.55	1.535	-999	-999	-999	-999	0.322857143	0.318333333	0.295	-999	-999	-999	-999
1191	0.35	0.205	0.445	1.531	-999	-999	-999	-999	0.322	0.3125	0.305	0.31	-999	-999	-999
1192	0.39	0.18	0.43	1.672	-999	-999	-999	-999	0.363333333	0.36	0.355	0.35	-999	-999	-999
1193	0.34	0.155	0.505	1.806	-999	-999	-999	-999	0.356666667	0.354	0.34	0.33	-999	-999	-999
1194	0.35	0.145	0.505	1.756	-999	-999	-999	-999	0.377142857	0.375	0.355	0.34	-999	-999	-999
1200	0.14	0.125	0.735	1.71	-999	-999	-999	-999	0.258	0.251111111	0.218	0.195	-999	-999	-999
1201	0.23	0.12	0.65	1.69	-999	-999	-999	-999	0.311	0.306666667	0.296	0.285	-999	-999	-999
1202	0.18	0.085	0.735	1.77	-999	-999	-999	-999	0.242	0.237777778	0.224	0.215	-999	-999	-999
1203	0.08	0.055	0.865	1.79	-999	-999	-999	-999	0.194	0.185555556	0.158	0.14	-999	-999	-999
1204	0.13	0.045	0.825	1.82	-999	-999	-999	-999	0.192	0.184444444	0.162	0.15	-999	-999	-999
1210	0.12	0.155	0.725	1.68	-999	-999	-999	-999	0.3	0.295714286	0.26	0.22	-999	-999	-999
1211	0.19	0.155	0.655	1.59	-999	-999	-999	-999	0.349166667	0.342	0.3075	0.24	-999	-999	-999
1212	0.21	0.15	0.64	1.61	-999	-999	-999	-999	0.371111111	0.355	0.33	0.29	-999	-999	-999
1213	0.33	0.17	0.5	1.58	-999	-999	-999	-999	0.425	0.421428571	0.403333333	0.38	-999	-999	-999
1240	0.01	0.006666667	0.983333333	1.7	-999	-999	-999	389	-999	-999	-999	-999	-999	-999	-999
1241	0.01	0.008333333	0.981666667	1.7	-999	-999	-999	-999	-999	-999	-999	-999	-999	-999	-999
1260	0.12	0.161428571	0.718571429	1.54	-999	-999	-999	77.8	-999	-999	-999	-999	-999	-999	-999
1261	0.11	0.182857143	0.707142857	1.54	-999	-999	-999	77.8	-999	-999	-999	-999	-999	-999	-999
1280	0.13	0.083333333	0.786666667	1.34	1.5	-999	7.54	20.9	0.226666667	0.226666667	0.187142857	0.165	0.14	0.09	-999
1281	0.19	0.113333333	0.696666667	1.48	0.776	-999	7.46	10.5	0.211111111	0.211111111	0.171428571	0.148333333	0.124	0.085	-999
1282	0.24	0.093333333	0.666666667	1.46	0.397	-999	7.37	437	0.286666667	0.286666667	0.267142857	0.256666667	0.244	0.2	-999
1290	0.04	0	0.96	1.3	1.2	5.1	6.7	121	0.163333333	0.15	0.106666667	0.095	0.095	0.09	-999
1300	0.31	0.15	0.54	1.26	-999	-999	-999	-999	0.3116	0.3015	0.246666667	-999	-999	-999	-999
1301	0.31	0.15	0.54	1.27	-999	-999	-999	-999	0.332777778	0.320833333	0.245	0.245	-999	-999	-999
1310	0.02	0.01	0.97	1.6	-999	-999	-999	-999	0.088888889	0.077142857	-999	-999	-999	-999	-999
1320	0.54	0.16	0.3	1.46	1.4	-999	6.6	-999	0.306666667	0.306666667	0.3	0.3	0.293333333	0.26	-999
1330	0.09	0	0.91	1.37	1	10.4	6.3	35	0.2385	0.222222222	0.204375	0.173076923	0.114444444	0.095	0.065
1331	0.23	0	0.77	1.43	0.2	15.6	7.1	40	0.272105263	0.261176471	0.25	0.244285714	0.213333333	0.191666667	0.165
1340	0.16	0.08	0.76	1.52	0.91	-999	7.1	-999	0.24	0.24	0.212857143	0.198333333	0.182	0.13	-999
1341	0.15	0.09	0.76	1.49	0.55	-999	7.3	-999	0.211111111	0.211111111	0.184285714	0.17	0.154	0.11	-999
1342	0.16	0.093333333	0.746666667	1.34	0.43	-999	7.3	-999	0.21	0.21	0.182857143	0.17	0.156	0.11	-999
1350	0.17	0.083333333	0.746666667	1.36	0.53	-999	7.4	-999	0.23	0.23	0.197142857	0.181666667	0.164	0.115	-999
1351	0.17	0.08	0.75	1.57	0.65	-999	7.4	-999	0.233333333	0.233333333	0.205714286	0.191666667	0.176	0.13	-999
1352	0.17	0.09	0.74	1.51	0.29	-999	7.5	-999	0.228888889	0.228888889	0.2	0.185	0.168	0.125	-999
1360	0.43	0.103333333	0.466666667	1.5	3.965	-999	7.3	1.7	0.374444444	0.374444444	0.358571429	0.348333333	0.336	0.29	-999
1361	0.4	0.116666667	0.483333333	1.49	4.379	-999	7.02	13.7	0.348888889	0.348888889	0.33	0.318333333	0.304	0.26	-999
1362	0.32	0.123333333	0.556666667	1.23	3.379	-999	4.4	227	0.324444444	0.324444444	0.3	0.286666667	0.272	0.23	-999
1370	0.25	0.11	0.64	0.95	3.689	-999	5.71	59	0.422222222	0.422222222	0.394285714	0.378333333	0.36	0.29	-999
1371	0.33	0.086666667	0.583333333	1.54	0.948	-999	6.92	1.7	0.338888889	0.338888889	0.322857143	0.313333333	0.302	0.26	-999
1372	0.35	0.1	0.55	1.58	3.689	-999	7.76	-999	0.384444444	0.384444444	0.37	0.36	0.348	0.3	-999
1380	0.07	0.056666667	0.873333333	1.38	3.603	-999	5.12	24	0.244444444	0.244444444	0.217142857	0.201666667	0.182	0.115	-999
1381	0.11	0.053333333	0.836666667	1.73	0.31	-999	4.23	23.9	0.205555556	0.205555556	0.185714286	0.175	0.164	0.12	-999
1382	0.26	0.063333333	0.676666667	1.75	0.259	-999	4.05	23.9	0.255555556	0.255555556	0.24	0.231666667	0.222	0.185	-999
1383	0.4	0.21	0.39	1.64	0.138	-999	4.13	0.48	0.272222222	0.272222222	0.262857143	0.258333333	0.252	0.215	-999
1390	0.06	0	0.94	1.64	1.31	-999	5.79	206	0.154444444	0.154444444	0.128571429	0.116666667	0.104	0.07	-999
1391	0.06	0	0.94	1.62	1.241	-999	5.97	538	0.152222222	0.152222222	0.127142857	0.115	0.1	0.065	-999
1392	0.06	0	0.94	1.66	1.19	-999	6.53	299	0.137777778	0.137777778	0.112857143	0.101666667	0.088	0.06	-999
1400	0.58	0.14	0.28	1.45	0.724	-999	7.35	0.5	0.387777778	0.387777778	0.374285714	0.366666667	0.358	0.315	-999
1420	0.32	0.24	0.44	1.2	6.64	-999	-999	-999	0.372307692	0.360833333	0.326315789	0.298666667	0.271818182	0.213333333	-999
1430	0.03	0.016666667	0.953333333	1.37	0.32	-999	6.9	-999	-999	-999	-999	-999	-999	-999	-999
1440	0.18	0.05	0.77	1.76	0.16	-999	-999	-999	-999	-999	-999	-999	-999	-999	-999
1450	0.14	0.053333333	0.806666667	1.85	-999	-999	7.1	-999	-999	-999	-999	-999	-999	-999	-999
1460	0.01	0.003333333	0.986666667	1.85	-999	-999	-999	251	0.1409	0.053625	0.0238	0.01725	0.013	0.0095	-999
1461	0.003	0.002666667	0.994333333	1.65	-999	-999	-999	2000	0.041111111	0.02625	0.015	0.013333333	0.01	0.01	-999
1462	0.01	0.006666667	0.983333333	1.5	-999	-999	-999	1000	0.0599	0.036555556	0.0158	0.01225	0.009666667	0.0095	-999
1463	0.01	0.003333333	0.986666667	1.58	-999	-999	-999	692	0.09	0.057777778	0.03	0.025	0.02	0.015	-999
1464	0.02	0.013333333	0.966666667	1.67	-999	-999	-999	200	0.106	0.078888889	0.034	0.0275	0.02	0.015	-999
1465	0.03	0.016666667	0.953333333	1.62	-999	-999	-999	40	0.143	0.126666667	0.062	0.045	0.033333333	0.025	-999
1466	0.01	0	0.99	1.54	-999	-999	-999	214	0.144	0.117777778	0.03	0.025	0.02	0.015	-999
1467	0.05	0.013333333	0.936666667	1.81	-999	-999	-999	11	0.137	0.123333333	0.074	0.0575	0.04	0.03	-999
1490	0.15	0.12	0.73	1.47	0.259	-999	5.94	8.9	0.272222222	0.272222222	0.245714286	0.231666667	0.214	0.165	-999
2000	0.21	0.076666667	0.713333333	1.62	1.13	-999	6.9	-999	0.265555556	0.265555556	0.247142857	0.236666667	0.224	0.175	-999
2001	0.23	0.093333333	0.676666667	1.54	0.55	-999	7.1	-999	0.247777778	0.247777778	0.228571429	0.218333333	0.21	0.165	-999
2002	0.24	0.1	0.66	1.5	0.24	-999	7	-999	0.271111111	0.271111111	0.252857143	0.243333333	0.232	0.19	-999
2010	0.25	0.076666667	0.673333333	1.45	0.84	-999	7.1	-999	0.243333333	0.243333333	0.224285714	0.213333333	0.202	0.16	-999
2011	0.25	0.073333333	0.676666667	1.55	0.69	-999	7.2	-999	0.283333333	0.283333333	0.265714286	0.256666667	0.246	0.19	-999
2012	0.25	0.05	0.7	1.51	0.29	-999	7	-999	0.262222222	0.262222222	0.24	0.228333333	0.216	0.175	-999
2020	0.62	0.165	0.215	0.724	5.6	-999	5	298.1	0.581666667	0.572	0.56	-999	-999	-999	-999
2021	0.62	0.165	0.215	0.893	5.6	-999	6	224.7	0.595	0.59	0.583333333	-999	-999	-999	-999
2022	0.62	0.165	0.215	0.751	5.6	-999	6	113	0.585	0.576	0.566666667	-999	-999	-999	-999
2100	0.03	0.023333333	0.946666667	1.7	0.15	0.9	5.5	370	0.105	0.105	0.045	0.045	0.02	0.02	-999
2101	0.055	0.035	0.91	1.6	0.14	1.1	5.7	473	0.136666667	0.136666667	0.08	0.08	-999	-999	-999
2102	0.075	0.038333333	0.886666667	1.6	0.12	1.1	5.3	716	0.105	0.105	0.055	0.055	0.03	0.03	-999
2103	0.075	0.045	0.88	1.6	0.1	1	5	499	0.098	0.098	0.053333333	0.053333333	0.04	0.04	-999
2104	0.06	0.04	0.9	1.6	0.08	0.7	5.2	552.345	0.11	0.11	0.055	0.055	0.04	0.04	-999
2105	0.06	0.036666667	0.903333333	1.6	0.08	0.7	5.2	458	0.1225	0.1225	0.055	0.055	0.04	0.04	-999
2110	0.04	0.09	0.87	1.53	-999	-999	-999	16.32	0.232727273	0.212222222	0.174	0.16	-999	-999	-999
2111	0.07	0.1	0.83	1.67	-999	-999	-999	18.24	0.203636364	0.192222222	0.172	0.163333333	-999	-999	-999
2120	0.03	0.03	0.94	1.6	-999	-999	-999	472.8	0.115454545	0.082222222	0.064	0.06	-999	-999	-999
2121	0.03	0.025	0.945	1.63	-999	-999	-999	288	0.114545455	0.083333333	0.066	0.063333333	-999	-999	-999
2122	0.07	0.03	0.9	1.64	-999	-999	-999	460.8	0.139090909	0.112222222	0.094	0.09	-999	-999	-999
2123	0.07	0.025	0.905	1.55	-999	-999	-999	772.8	0.113636364	0.088888889	0.074	0.07	-999	-999	-999
2124	0.05	0.025	0.925	1.55	-999	-999	-999	1015.2	0.093636364	0.068888889	0.054	0.05	-999	-999	-999
2125	0.05	0.015	0.935	1.53	-999	-999	-999	1168.8	0.082727273	0.058888889	0.046	0.043333333	-999	-999	-999
2126	0.03	0.01	0.96	1.49	-999	-999	-999	1099.2	0.068181818	0.046666667	0.034	0.03	-999	-999	-999
2130	0.08	0.105	0.815	1.45	-999	-999	-999	25.99	0.243636364	0.228888889	0.204	0.196666667	-999	-999	-999
2131	0.13	0.08	0.79	1.72	-999	-999	-999	15.6	0.209090909	0.201111111	0.184	0.176666667	-999	-999	-999
2132	0.14	0.09	0.77	1.72	-999	-999	-999	5.52	0.231818182	0.223333333	0.204	0.196666667	-999	-999	-999
2160	0.25	0.225	0.525	0.781	-999	-999	-999	-999	0.584285714	0.568	0.546666667	0.535	0.52	-999	-999
2161	0.15	0.305	0.545	0.556	-999	-999	-999	-999	0.632857143	0.61	0.58	0.565	0.55	-999	-999
2170	0.22	0.26	0.52	0.804	3.4	-999	-999	-999	0.392	0.38	0.365	-999	-999	-999	-999
2171	0.36	0.195	0.445	1.16	1.3	-999	-999	-999	0.414	0.4075	0.4	-999	-999	-999	-999
2180	0.41	0.22	0.37	0.54	4.5	-999	-999	-999	0.376666667	0.355	0.355	-999	-999	-999	-999
2181	0.49	0.195	0.315	0.55	1.6	-999	-999	-999	0.536	0.515	0.495	-999	-999	-999	-999
2190	0.03	0.025	0.945	1.55	-999	-999	-999	-999	0.166666667	0.105	0.06	-999	-999	-999	-999
2191	0.03	0.025	0.945	1.55	-999	-999	-999	-999	0.192	0.09	-999	-999	-999	-999	-999
2192	0.03	0.025	0.945	1.55	-999	-999	-999	-999	0.1425	0.09	-999	-999	-999	-999	-999
2193	0.03	0.025	0.945	1.55	-999	-999	-999	-999	0.1675	0.08	-999	-999	-999	-999	-999
2194	0.03	0.025	0.945	1.55	-999	-999	-999	-999	0.15	0.1	-999	-999	-999	-999	-999
2195	0.03	0.025	0.945	1.55	-999	-999	-999	-999	0.226	0.125	-999	-999	-999	-999	-999
2196	0.03	0.025	0.945	1.55	-999	-999	-999	-999	0.1	-999	-999	-999	-999	-999	-999
2197	0.03	0.025	0.945	1.55	-999	-999	-999	-999	0.1675	0.09	-999	-999	-999	-999	-999
2198	0.03	0.025	0.945	1.55	-999	-999	-999	-999	0.1475	0.11	-999	-999	-999	-999	-999
2200	0.02	0	0.98	1.65	-999	-999	-999	-999	0.265	-999	-999	-999	-999	-999	-999
2201	0.02	0	0.98	1.65	-999	-999	-999	-999	0.153333333	-999	-999	-999	-999	-999	-999
2202	0.02	0	0.98	1.65	-999	-999	-999	-999	0.192	-999	-999	-999	-999	-999	-999
2203	0.02	0	0.98	1.65	-999	-999	-999	-999	0.19	-999	-999	-999	-999	-999	-999
2210	0.03	0.01	0.96	1.826	-999	2	4.2	254	0.085714286	0.085714286	0.081666667	0.07	-999	-999	-999
2211	0.03	0.01	0.96	1.741	-999	-999	4.2	464	0.078333333	0.078333333	0.06	-999	-999	-999	-999
2212	0.03	0.01	0.96	1.741	-999	2	4.2	464	0.08	0.08	0.08	-999	-999	-999	-999
2213	0.03	0.01	0.96	1.754	-999	2	4.2	369	0.088571429	0.088571429	0.08	-999	-999	-999	-999
2214	0.03	0.01	0.96	1.787	-999	2	4.2	301	0.11	0.11	-999	-999	-999	-999	-999
2215	0.03	0.01	0.96	1.787	-999	2	4.2	301	0.085	0.085	0.085	-999	-999	-999	-999
2216	0.03	0.01	0.96	1.727	-999	2	4.2	-999	0.0875	0.0875	0.08	-999	-999	-999	-999
2217	0.03	0.01	0.96	1.697	-999	2	4.2	530	0.075	0.075	0.06	-999	-999	-999	-999
2320	0.15	0.106666667	0.743333333	1.8	3.2	-999	-999	10	0.254	0.2475	0.23	0.23	-999	-999	-999
2321	0.2	0.08	0.72	1.74	3.1	-999	-999	5	0.314	0.3075	0.295	0.295	-999	-999	-999
2340	0.49	0.073333333	0.436666667	1.1	5.45	-999	6.8	87	0.428	0.4175	0.39	0.39	-999	-999	-999
2341	0.3	0.08	0.62	1.54	0.49	-999	6.8	21	0.32	0.31	0.285	0.285	-999	-999	-999
2342	0	0.003333333	0.996666667	1.6	0.29	-999	6.7	80	0.158	0.1275	0.095	0.095	-999	-999	-999
2350	0.45	0.08	0.47	1.18	14.48	-999	7.5	8	0.486	0.4775	0.465	0.465	-999	-999	-999
2351	0.16	0.163333333	0.676666667	1.39	7.31	-999	7.4	1	0.418	0.4125	0.39	0.39	-999	-999	-999
2360	0.45	0.11	0.44	1.42	4.86	-999	6.9	5	0.396363636	0.389	0.3725	0.3725	0.356666667	0.333333333	-999
2361	0.57	0.153333333	0.276666667	1.25	2.5	-999	6.8	2	0.473636364	0.467	0.45	0.45	0.435	0.403333333	-999
2362	0.63	0.15	0.22	1.25	2.15	-999	6.7	0.4	0.501818182	0.497	0.485	0.485	0.468333333	0.433333333	-999
2370	0.23	0.095	0.675	1.18	-999	-999	-999	-999	0.311428571	0.295833333	0.257142857	0.19	0.17	-999	-999
2371	0.24	0.1	0.66	1.43	-999	-999	-999	-999	0.236923077	0.228333333	0.2	0.155	0.11	-999	-999
2372	0.26	0.06	0.68	1.41	-999	-999	-999	-999	0.139230769	0.125833333	0.104285714	0.07	0.04	-999	-999
2373	0.14	0.01	0.85	1.35	-999	-999	-999	-999	0.176	0.1575	0.137142857	0.11	0.1	-999	-999
2374	0.19	0.03	0.78	1.25	-999	-999	-999	-999	0.209411765	0.202	0.177142857	0.105	0.1	-999	-999
2380	0.08	0.085	0.835	1.33	-999	-999	-999	-999	0.228181818	0.197777778	0.162	0.153333333	-999	-999	-999
2381	0.1	0.105	0.795	1.44	-999	-999	-999	-999	0.211818182	0.185555556	0.154	0.143333333	-999	-999	-999
2382	0.14	0.15	0.71	1.45	-999	-999	-999	-999	0.172142857	0.136363636	0.094	0.086666667	-999	-999	-999
2383	0.07	0.08	0.85	1.47	-999	-999	-999	-999	0.123571429	0.07	0.038	0.036666667	-999	-999	-999
2384	0.01	0.03	0.96	1.46	-999	-999	-999	-999	0.155714286	0.11	0.07	0.066666667	-999	-999	-999
2385	0.01	0.03	0.96	1.46	-999	-999	-999	-999	0.193571429	0.144545455	0.082	0.08	-999	-999	-999
2390	0.31	0.135	0.555	1.3	-999	-999	-999	-999	0.361818182	0.347777778	0.32	-999	-999	-999	-999
2391	0.33	0.165	0.505	1.3	-999	-999	-999	-999	0.323636364	0.308888889	0.284	-999	-999	-999	-999
2392	0.35	0.225	0.425	1.31	-999	-999	-999	-999	0.324545455	0.311111111	0.29	-999	-999	-999	-999
2393	0.28	0.14	0.58	1.54	-999	-999	-999	-999	0.205454545	0.178888889	0.132	-999	-999	-999	-999
2394	0.23	0.065	0.705	1.52	-999	-999	-999	-999	0.21	0.182222222	0.132	-999	-999	-999	-999
2395	0.28	0.12	0.6	1.5	-999	-999	-999	-999	0.317272727	0.298888889	0.244	-999	-999	-999	-999
2400	0.16	0.19	0.65	1.08	-999	-999	-999	-999	0.347333333	0.335384615	0.311111111	0.285	-999	-999	-999
2401	0.17	0.2	0.63	1.25	-999	-999	-999	-999	0.291333333	0.278461538	0.257777778	0.2375	-999	-999	-999
2402	0.25	0.23	0.52	1.31	-999	-999	-999	-999	0.31125	0.298571429	0.279	0.26	-999	-999	-999
2403	0.11	0.16	0.73	1.32	-999	-999	-999	-999	0.3475	0.337857143	0.317	0.282	-999	-999	-999
2404	0.05	0.275	0.675	1.41	-999	-999	-999	-999	0.41125	0.405	0.391	0.364	-999	-999	-999
2405	0.05	0.275	0.675	1.41	-999	-999	-999	-999	0.365625	0.353571429	0.321	0.242	-999	-999	-999
2410	0.18	0.13	0.69	1.2	-999	-999	-999	-999	0.319166667	0.302	0.268333333	0.25	-999	-999	-999
2411	0.21	0.125	0.665	1.5	-999	-999	-999	-999	0.323333333	0.313	0.291666667	0.28	-999	-999	-999
2412	0.28	0.125	0.595	1.4	-999	-999	-999	-999	0.307	0.2925	0.265	-999	-999	-999	-999
2413	0.07	0.085	0.845	1.52	-999	-999	-999	-999	0.324444444	0.307142857	0.246666667	-999	-999	-999	-999
2414	0.04	0.15	0.81	1.43	-999	-999	-999	-999	0.384	0.373333333	-999	-999	-999	-999	-999
2415	0.04	0.15	0.81	1.43	-999	-999	-999	-999	0.418333333	0.4125	-999	-999	-999	-999	-999
2420	0.08	0.055	0.865	1.47	-999	-999	-999	-999	0.24	0.221333333	0.187777778	0.178	-999	-999	-999
2421	0.08	0.06	0.86	1.47	-999	-999	-999	-999	0.197647059	0.180666667	0.147777778	0.138	-999	-999	-999
2422	0.06	0.035	0.905	1.4	-999	-999	-999	-999	0.159411765	0.135333333	0.108888889	0.104	-999	-999	-999
2423	0.06	0.025	0.915	1.44	-999	-999	-999	-999	0.196470588	0.179333333	0.144444444	0.136	-999	-999	-999
2424	0.03	0.02	0.95	1.46	-999	-999	-999	-999	0.181764706	0.159333333	0.111111111	0.104	-999	-999	-999
2425	0.03	0.02	0.95	1.46	-999	-999	-999	-999	0.165294118	0.141333333	0.092222222	0.084	-999	-999	-999
2430	0.31	0.185	0.505	1.34	-999	-999	-999	-999	0.349090909	0.334444444	0.312	-999	-999	-999	-999
2431	0.34	0.215	0.445	1.34	-999	-999	-999	-999	0.336363636	0.322222222	0.302	-999	-999	-999	-999
2432	0.42	0.185	0.395	1.46	-999	-999	-999	-999	0.299090909	0.287777778	0.272	-999	-999	-999	-999
2433	0.34	0.175	0.485	1.59	-999	-999	-999	-999	0.28	0.271	0.252	-999	-999	-999	-999
2434	0.24	0.115	0.645	1.74	-999	-999	-999	-999	0.255	0.247	0.224	-999	-999	-999	-999
2435	0.24	0.095	0.665	1.56	-999	-999	-999	-999	0.228333333	0.214	0.19	-999	-999	-999	-999
2440	0.09	0.085	0.825	1.3	-999	-999	-999	-999	0.301818182	0.288888889	0.262	-999	-999	-999	-999
2441	0.15	0.075	0.775	1.47	-999	-999	-999	-999	0.241818182	0.221111111	0.19	-999	-999	-999	-999
2442	0.13	0.025	0.845	1.48	-999	-999	-999	-999	0.120909091	0.088888889	0.076	-999	-999	-999	-999
2443	0.11	0.015	0.875	1.53	-999	-999	-999	-999	0.129090909	0.087777778	0.068	-999	-999	-999	-999
2444	0.11	0.005	0.885	1.41	-999	-999	-999	-999	0.143636364	0.102222222	0.09	-999	-999	-999	-999
2445	0.11	0.005	0.885	1.27	-999	-999	-999	-999	0.152727273	0.125555556	0.12	-999	-999	-999	-999
2450	0.16	0.195	0.645	1.11	-999	-999	-999	-999	0.413	0.405555556	0.38	0.36	-999	-999	-999
2451	0.19	0.105	0.705	1.59	-999	-999	-999	-999	0.379	0.373333333	0.356	0.34	-999	-999	-999
2452	0.24	0.115	0.645	1.14	-999	-999	-999	-999	0.388888889	0.38	0.3575	-999	-999	-999	-999
2453	0.22	0.135	0.645	1.2	-999	-999	-999	-999	0.38	0.37375	0.3625	-999	-999	-999	-999
2454	0.17	0.125	0.705	1.31	-999	-999	-999	-999	0.347777778	0.34375	0.335	-999	-999	-999	-999
2455	0.17	0.125	0.705	1.33	-999	-999	-999	-999	0.34	0.33625	0.3275	-999	-999	-999	-999
2460	0.38	0.295	0.325	0.769	10.32	-999	5.7	-999	0.468333333	0.468333333	0.4	0.4	0.36	0.29	-999
2461	0.38	0.295	0.325	0.913	6.36	-999	5.7	-999	0.45	0.45	0.4	0.4	0.366666667	0.3	-999
2462	0.38	0.295	0.325	0.925	5.68	-999	6.3	-999	0.416666667	0.416666667	0.37	0.37	0.346666667	0.28	-999
2470	0.38	0.295	0.325	0.702	-999	-999	-999	-999	0.438333333	0.438333333	0.385	0.385	0.353333333	0.29	-999
2471	0.38	0.295	0.325	0.872	-999	-999	-999	-999	0.415	0.415	0.375	0.375	0.35	0.29	-999
2472	0.38	0.295	0.325	0.897	-999	-999	-999	-999	0.408333333	0.408333333	0.37	0.37	0.35	0.3	-999
2480	0.08	0.06	0.86	1.23	-999	-999	-999	-999	-999	-999	-999	-999	-999	-999	-999
2481	0.06	0.03	0.91	1.2	-999	-999	-999	-999	-999	-999	-999	-999	-999	-999	-999
2482	0.05	0.035	0.915	1.05	-999	-999	-999	-999	-999	-999	-999	-999	-999	-999	-999
2483	0.05	0.005	0.945	1.3	-999	-999	-999	-999	-999	-999	-999	-999	-999	-999	-999
2491	0.19	0.375	0.435	1.301	-999	-999	-999	455.4	0.37	0.35	0.325	0.32	-999	-999	-999
2492	0.19	0.375	0.435	1.301	-999	-999	-999	455.4	0.37	0.35	0.325	0.32	-999	-999	-999
2493	0.23	0.366666667	0.403333333	1.429	-999	-999	-999	45.537	0.381428571	0.376	0.37	0.36	-999	-999	-999
2530	0.2	0.19	0.61	1.361	1.07	16.25	8.1	12.894	0.301111111	0.288125	0.251	0.223333333	0.17	0.155	-999
2531	0.14	0.2375	0.6225	1.461	1.03	16.87	7.9	23.326	0.315333333	0.310714286	0.289	0.251666667	0.183333333	0.17	-999
2532	0.11	0.1775	0.7125	1.334	0.47	13.12	8.2	14.4	0.348421053	0.344444444	0.320769231	0.234	0.16	0.145	-999
2540	0.17	0.075	0.755	1.811	-999	-999	-999	3.79	0.2025	0.195714286	0.18	0.153333333	0.125	0.125	-999
2541	0.14	0.11	0.75	1.697	-999	-999	-999	36.17	0.2275	0.218571429	0.2	0.173333333	0.145	0.145	-999
2542	0.17	0.11	0.72	1.771	-999	-999	-999	1.14	0.26375	0.258571429	0.246	0.223333333	0.2	0.2	-999
2550	0.11	0.07	0.82	1.568	-999	-999	-999	54.74	0.16625	0.151428571	0.122	0.09	0.06	0.06	-999
2551	0.12	0.09	0.79	1.853	-999	-999	-999	18.13	0.19125	0.181428571	0.164	0.15	0.135	0.135	-999
2552	0.17	0.145	0.685	1.764	-999	-999	-999	32.99	0.26375	0.26	0.25	0.236666667	0.225	0.225	-999
2560	0.09	0.095	0.815	1.37	0.7	14.4	3.9	1149.12	0.195	0.176666667	0.148571429	0.136666667	0.128	0.11	-999
2561	0	0.06	0.94	1.59	0.1	10.9	4.1	3024	0.154285714	0.136666667	0.1075	0.093333333	0.08	0.07	-999
2562	0	0.005	0.995	1.95	-999	3.5	6.8	27648	0.058571429	0.041666667	0.0325	0.03	0.03	0.03	-999
2570	0.09	0.045	0.865	1.13	3.3	6.5	4.6	1719.36	0.201	0.173333333	0.144285714	0.135	0.126	0.11	-999
2571	0.07	0.05	0.88	1.3	1.5	3.8	4.8	1702.08	0.16125	0.132857143	0.098	0.085	0.073333333	0.055	-999
2572	0.04	0.03	0.93	1.44	0.3	3	5.1	1607.04	0.16	0.125	0.09	0.08	0.07	0.05	-999
2573	0.05	0.035	0.915	1.44	0.2	3.8	5.4	950.4	0.151428571	0.115	0.085	0.076666667	0.065	0.04	-999
2574	0.005	0.0275	0.9675	1.89	-999	-999	7.2	5866.56	0.106666667	0.08	-999	-999	-999	-999	-999
2580	0.18	0.24	0.58	1.07	3.7	30.2	7.6	20.736	0.421	0.407777778	0.385714286	0.371666667	0.354	0.31	-999
2581	0.12	0.25	0.63	1.3	0.8	27.6	8.1	22.464	0.312	0.295555556	0.261428571	0.24	0.212	0.14	-999
2582	0.18	0.315	0.505	1.38	0.7	22.1	8.1	4.925	0.387	0.375555556	0.348571429	0.331666667	0.31	0.25	-999
2583	0.08	0.115	0.805	1.42	0.4	25.6	8.3	15.552	0.224	0.201111111	0.16	0.145	0.126	0.08	-999
2584	0.003	0.0335	0.9635	1.92	-999	-999	-999	4924.8	0.1	0.073333333	0.03	0.03	0.03	0.03	-999
2590	0.18	0.165	0.655	1.22	4.2	10.3	5.9	408.672	0.31	0.31	0.2725	0.2725	0.25	0.15	-999
2591	0.21	0.145	0.645	1.51	1	12.9	6.9	34.56	0.255	0.255	0.2275	0.2275	0.21	0.14	-999
2592	0.24	0.355	0.405	1.69	0.4	13	8.1	11.232	0.305	0.305	0.285	0.285	0.273333333	0.22	-999
2593	0.35	0.295	0.355	1.66	0.4	20.7	8.2	1.728	0.321666667	0.321666667	0.3025	0.3025	0.29	0.25	-999
2601	0.26	0.205	0.535	1.08	3.6	35.8	3.8	233.28	0.335	0.317777778	0.288571429	0.275	0.26	0.223333333	-999
2602	0.24	0.21	0.55	1.21	1.3	24.7	4.1	112.32	0.34	0.326666667	0.298571429	0.285	0.27	0.226666667	-999
2603	0.16	0.19	0.65	1.39	0.3	19.4	4	18.92	0.336	0.326666667	0.305714286	0.293333333	0.278	0.243333333	-999
2604	0.16	0.19	0.65	1.45	0.1	22.1	3.9	11.15	0.228	0.213333333	0.188571429	0.178333333	0.168	0.143333333	-999
2605	0.12	0.205	0.675	1.55	0.1	20	4.1	6.091	0.215	0.2	0.172857143	0.158333333	0.142	0.11	-999
2610	0.27	0.245	0.485	0.59	5.1	36.7	4.1	180	0.46625	0.43	0.37	0.34	0.306666667	0.255	-999
2611	0.24	0.24	0.52	0.92	4	21.3	4.4	39.83	0.3625	0.348571429	0.318	0.2975	0.27	0.225	-999
2612	0.21	0.255	0.535	1.37	0.8	10.2	4.9	55.12	0.33125	0.32	0.294	0.275	0.243333333	0.19	-999
2613	0.2	0.26	0.54	1.66	0.1	12.9	5.2	6.117	0.29875	0.29	0.266	0.2475	0.22	0.165	-999
2614	0.22	0.25	0.53	1.72	1	21.6	5.6	0.065	0.30375	0.295714286	0.276	0.2625	0.24	0.2	-999
2620	0.47	0.18	0.35	1.07	4	29.3	3.4	7.517	0.398	0.385555556	0.354285714	0.338333333	0.32	0.276666667	-999
2621	0.49	0.165	0.345	1.27	1.4	26.6	3.4	3.974	0.395555556	0.38625	0.375714286	0.365	0.35	0.323333333	-999
2622	0.46	0.15	0.39	1.47	0.6	25.3	3.6	0.57	0.363	0.356666667	0.341428571	0.331666667	0.322	0.3	-999
2630	0.25	0.1	0.65	1.27	2.6	33.7	5.5	74.304	0.27	0.253333333	0.217142857	0.2	0.18	0.136666667	-999
2631	0.24	0.085	0.675	1.39	0.9	9.3	5.8	8.467	0.284	0.268888889	0.234285714	0.218333333	0.2	0.166666667	-999
2640	0.04	0.05	0.91	1.48	1.3	1.1	4.5	12.269	0.126	0.126	0.1	0.1	0.086666667	0.04	-999
2641	0.09	0.035	0.875	1.3	2.7	10.6	4.8	208.224	0.256	0.256	0.235	0.235	0.216666667	0.185	-999
2642	0.12	0.06	0.82	1.6	1	6.7	5.2	74.477	0.25	0.25	0.23	0.23	0.213333333	0.15	-999
2650	0.14	0.25	0.61	1.08	4.6	10.3	4.7	1278.72	0.267	0.248888889	0.214285714	0.195	0.172	0.116666667	-999
2651	0.14	0.24	0.62	1.29	0.9	6	4.8	367.2	0.229	0.215555556	0.19	0.176666667	0.162	0.13	-999
2652	0.22	0.235	0.545	1.52	0.4	9.7	4.9	40.781	0.305	0.293333333	0.27	0.258333333	0.246	0.213333333	-999
2653	0.06	0.065	0.875	1.76	0.1	4	7.9	65.146	0.226	0.217777778	0.202857143	0.195	0.188	0.17	-999
2660	0.57	0.135	0.295	1.03	4	44.9	6.5	51.926	0.518888889	0.51125	0.496666667	0.488	0.48	0.445	-999
2661	0.39	0.175	0.435	1.4	-999	25.2	6.3	5.607	0.398571429	0.398571429	0.39	0.382	0.3725	0.335	-999
2670	0.21	0.29	0.5	1.5	-999	17.5	3.9	76.81	0.311	0.301111111	0.277142857	0.261666667	0.242	0.193333333	-999
2671	0.17	0.32	0.51	1.43	0.2	14.7	3.9	156.384	0.318	0.304444444	0.272857143	0.253333333	0.232	0.173333333	-999
2672	0.11	0.37	0.52	1.41	-999	-999	-999	106.272	0.304	0.288888889	0.252857143	0.228333333	0.2	0.126666667	-999
2680	0.17	0.16	0.67	1.14	7	11.4	4.5	578.88	0.288333333	0.288333333	0.2375	0.2375	0.22	0.14	-999
2681	0.4	0.145	0.455	1.51	0.5	19.5	5.7	53.568	0.296666667	0.296666667	0.2725	0.2725	0.26	0.23	-999
2682	0.38	0.1	0.52	1.53	0.3	19.3	5.7	13.046	0.306666667	0.306666667	0.2775	0.2775	0.263333333	0.21	-999
2683	0.35	0.11	0.54	1.6	-999	18.2	5.8	35.51	0.246666667	0.246666667	0.2075	0.2075	0.19	0.16	-999
2690	0.63	0.14	0.23	1.45	21.4	64.7	6.5	12960	0.345	0.345	0.31	0.31	0.31	0.27	-999
2691	0.43	0.155	0.415	1.67	7.7	40.3	7.3	7689.6	0.2575	0.2575	0.216666667	0.216666667	0.216666667	0.19	-999
2700	0.32	0.235	0.445	1.41	3	66.2	7.3	6739.2	0.3625	0.3625	0.31	0.31	0.31	0.27	-999
2701	0.31	0.235	0.455	1.72	7.5	23.8	7.9	8380.8	0.235	0.235	0.2	0.2	0.2	0.17	-999
2710	0.16	0.33	0.51	1.02	5.1	22.1	3.4	129.6	0.22	0.22	0.18	0.163333333	0.144	0.106666667	-999
2711	0.18	0.335	0.485	1.27	0.5	9.7	3.8	36.288	0.255555556	0.255555556	0.215714286	0.195	0.176	0.143333333	-999
2712	0.24	0.31	0.45	1.51	-999	-999	-999	19.2	0.258888889	0.258888889	0.23	0.211666667	0.194	0.156666667	-999
2713	0.22	0.325	0.455	1.66	0.2	15.3	4	6.134	0.267777778	0.267777778	0.247142857	0.236666667	0.226	0.2	-999
2720	0.15	0.325	0.525	1.05	6.8	26.3	3.8	207.36	0.304	0.286666667	0.25	0.228333333	0.208	0.156666667	-999
2721	0.15	0.3	0.55	1.35	0.7	8.2	4.4	44.064	0.282	0.263333333	0.221428571	0.2	0.178	0.13	-999
2722	0.17	0.275	0.555	1.53	0.2	9.7	4.8	9.504	0.274	0.26	0.228571429	0.211666667	0.192	0.146666667	-999
2723	0.15	0.28	0.57	1.56	-999	10.8	4.9	1.642	0.293	0.282222222	0.255714286	0.238333333	0.218	0.173333333	-999
2730	0.15	0.295	0.555	0.91	4.1	23.3	4.1	64.8	0.298888889	0.27375	0.215	0.215	0.184	0.123333333	-999
2731	0.17	0.29	0.54	1.38	0.7	8.4	4.3	34.56	0.302	0.29	0.261428571	0.245	0.228	0.17	-999
2732	0.17	0.285	0.545	1.55	0.2	9.4	4.3	4.32	0.277	0.265555556	0.241428571	0.226666667	0.208	0.17	-999
2740	0.29	0.2	0.51	0.73	9.5	10.4	4.5	501.12	0.366	0.341111111	0.295714286	0.273333333	0.252	0.216666667	-999
2741	0.23	0.225	0.545	0.84	3.5	5.4	4.8	440.6	0.334	0.306666667	0.252857143	0.226666667	0.204	0.166666667	-999
2742	0.24	0.19	0.57	0.75	8.3	7.8	5	596.16	0.328	0.301111111	0.254285714	0.231666667	0.214	0.173333333	-999
2743	0.31	0.21	0.48	0.71	10.3	8.3	5.1	319.68	0.379	0.353333333	0.308571429	0.286666667	0.266	0.23	-999
2750	0.18	0.15	0.67	1.01	4.1	29.4	4.2	190.08	0.361	0.343333333	0.311428571	0.295	0.276	0.23	-999
2751	0.18	0.13	0.69	1.28	1.1	21.9	4.4	25.92	0.357	0.346666667	0.325714286	0.313333333	0.298	0.256666667	-999
2752	0.19	0.155	0.655	1.45	1.1	17.8	4.5	14.947	0.321	0.31	0.285714286	0.27	0.25	0.2	-999
2753	0.17	0.14	0.69	1.42	1	17.1	4.9	4.32	0.318	0.306666667	0.28	0.263333333	0.24	0.183333333	-999
2760	0.05	0.275	0.675	1.13	3.1	29.5	7.1	368.064	0.362	0.352222222	0.332857143	0.321666667	0.308	0.266666667	-999
2761	0.05	0.27	0.68	1.28	1.5	18.8	7.2	204.768	0.277	0.26	0.227142857	0.208333333	0.186	0.136666667	-999
2762	0.05	0.15	0.8	1.26	0.6	9.9	7.2	786.24	0.197	0.175555556	0.137142857	0.121666667	0.108	0.08	-999
2763	0.02	0.105	0.875	1.26	0.5	-999	7	389.664	0.166	0.137777778	0.087142857	0.078333333	0.07	0.05	-999
2764	0.03	0.14	0.83	1.32	0.8	3.7	7.3	190.944	0.204	0.176666667	0.124285714	0.108333333	0.094	0.073333333	-999
2765	0.02	0.19	0.79	1.29	0.7	9.7	7.4	21.082	0.247	0.226666667	0.18	0.156666667	0.136	0.093333333	-999
3000	0.1	0.13	0.77	1.58	1.09	-999	-999	-999	0.3425	0.3425	0.336666667	0.336666667	0.32	-999	-999
3010	0.03	0.243333333	0.726666667	1.28	2.68	-999	-999	-999	0.335	0.335	0.32	0.32	0.3	-999	-999
3020	0.001	0.065666667	0.933333333	1.21	0.6	-999	-999	-999	0.2225	0.2225	0.2	0.2	0.19	-999	-999
3030	0.41	0.446666667	0.143333333	1.32	-999	-999	-999	-999	0.517777778	0.5125	0.503333333	0.4975	0.49	-999	-999
3031	0.33	0.266666667	0.403333333	1.07	-999	-999	-999	-999	0.41	0.404	0.39375	0.386666667	0.38	-999	-999
3032	0.34	0.146666667	0.513333333	1.21	-999	-999	-999	-999	0.413636364	0.406	0.39125	0.38	0.37	-999	-999
3033	0.33	0.243333333	0.426666667	1.32	-999	-999	-999	-999	0.362727273	0.347	0.32375	0.311666667	0.303333333	-999	-999
3050	0.02	0.083333333	0.896666667	1.693	-999	-999	-999	19.475	0.387	0.354615385	-999	-999	-999	-999	-999
3090	0.39	0.303333333	0.306666667	1.4	3.85	28.01	7.5	19.5	0.176	0.176	0.13375	0.13375	0.091666667	0.066	0.066
3091	0.4	0.3	0.3	1.43	3.02	27.36	8	15.4	0.076	0.076	0.076	0.076	0.076	0.076	0.076
3100	0.3	0.313333333	0.386666667	1.14	4	33.9	7.6	168	0.5	0.456666667	0.39	0.39	-999	-999	-999
3101	0.34	0.306666667	0.353333333	1.33	4.3	31.7	7.7	55.8	0.542	0.49	0.443333333	0.443333333	0.38	-999	-999
3102	0.34	0.28	0.38	1.3	2.88	31	8.1	109	0.406666667	0.374	0.313333333	0.313333333	0.28	-999	-999
3103	0.33	0.33	0.34	1.37	1.8	27.5	8.3	-999	0.403333333	0.37	0.3	0.3	0.26	-999	-999
3110	0.3	0.316666667	0.383333333	1.35	4.27	33.9	7.7	91	0.478333333	0.464	0.423333333	0.423333333	0.38	-999	-999
3111	0.34	0.32	0.34	1.31	3.84	32.1	7.8	98	0.476666667	0.46	0.42	0.42	0.38	-999	-999
3112	0.33	0.313333333	0.356666667	1.3	3.08	31.3	7.8	109	0.465	0.444	0.39	0.39	0.3	-999	-999
3113	0.33	0.33	0.34	1.38	2.5	28.6	8	-999	0.388333333	0.36	0.296666667	0.296666667	0.26	-999	-999
3120	0.43	0.225	0.345	1.4	0.8	16	6.5	3.5	0.41	0.385714286	0.2675	0.2675	0.226666667	0.16	-999
3130	0.03	0.04	0.93	1.5	1.2	-999	7.1	-999	0.217	0.19	0.138	0.1275	0.11	-999	-999
3131	0.05	0.046666667	0.903333333	1.58	1	-999	6.8	-999	0.213636364	0.198	0.13	0.12	0.11	-999	-999
3132	0.04	0.023333333	0.936666667	1.51	0.29	-999	6.9	-999	0.114	0.095555556	0.066	0.0625	0.06	-999	-999
3133	0.02	0.026666667	0.953333333	1.61	0.06	-999	7.1	-999	-999	-999	-999	-999	-999	-999	-999
3134	0.02	0.013333333	0.966666667	1.59	0.08	-999	7	-999	-999	-999	-999	-999	-999	-999	-999
3140	0.04	0.033333333	0.926666667	1.58	0.64	-999	7.3	-999	-999	-999	-999	-999	-999	-999	-999
3141	0.03	0.026666667	0.943333333	1.58	0.31	-999	7.1	-999	0.158	0.14	0.098	0.09	0.08	-999	-999
3142	0.03	0.013333333	0.956666667	1.56	0.31	-999	7.2	-999	0.137	0.114444444	0.08	0.0725	0.06	-999	-999
3143	0.03	0.013333333	0.956666667	1.49	0.08	-999	7.3	-999	0.112	0.087777778	0.056	0.0525	0.05	-999	-999
3144	0.01	0.02	0.97	1.57	0.04	-999	7.6	-999	0.123	0.1	0.068	0.0625	0.06	-999	-999
3150	0.1	0.023333333	0.876666667	1.42	1.5	-999	6.8	-999	0.261818182	0.248	0.17	0.156666667	0.14	-999	-999
3151	0.05	0.043333333	0.906666667	1.5	1.5	-999	7.3	-999	0.215	0.194444444	0.142	0.12	0.11	-999	-999
3152	0.04	0.056666667	0.903333333	1.44	0.87	-999	7.2	-999	0.189090909	0.173	0.11	0.1	0.09	-999	-999
3153	0.03	0.043333333	0.926666667	1.51	0.47	-999	7.3	-999	0.148	0.122222222	0.084	0.073333333	0.07	-999	-999
3154	0.04	0.026666667	0.933333333	1.53	0.39	-999	7.4	-999	0.151	0.125555556	0.08	0.066666667	0.06	-999	-999
3155	0.03	0.023333333	0.946666667	1.53	0.16	-999	7.4	-999	0.122	0.096666667	0.068	0.063333333	0.06	-999	-999
3160	0.04	0.053333333	0.906666667	1.37	1.22	-999	7.7	-999	0.250909091	0.225	0.14	0.13	0.12	-999	-999
3161	0.05	0.05	0.9	1.38	1.16	-999	7.6	-999	0.241818182	0.217	0.1225	0.113333333	0.1	-999	-999
3162	0.03	0.043333333	0.926666667	1.49	0.43	-999	7.8	-999	0.194545455	0.175	0.0925	0.083333333	0.08	-999	-999
3163	0.02	0.046666667	0.933333333	1.49	0.23	-999	7.8	-999	0.209230769	0.176363636	0.092	0.076666667	0.07	-999	-999
3164	0.02	0.03	0.95	1.56	0.16	-999	7.9	-999	0.193636364	0.175	0.0825	0.076666667	0.07	-999	-999
3165	0.03	0.036666667	0.933333333	1.6	0.08	-999	8	-999	0.196153846	0.164545455	0.1	0.086666667	0.08	-999	-999
3170	0.05	0.063333333	0.886666667	1.32	1.1	-999	7.9	-999	0.206923077	0.177272727	0.116	0.1	0.09	-999	-999
3171	0.05	0.05	0.9	1.59	0.6	-999	-999	-999	0.205454545	0.191	0.1025	0.093333333	0.09	-999	-999
3172	0.04	0.023333333	0.936666667	1.53	0.16	-999	8.2	-999	0.190909091	0.174	0.09	0.083333333	0.08	-999	-999
3173	0.04	0.02	0.94	1.55	0.12	-999	8.2	-999	0.212307692	0.191818182	0.12	0.1	0.09	-999	-999
3174	0.002	0.035333333	0.962666667	1.61	0.04	-999	7.9	-999	0.246923077	0.227272727	0.158	0.136666667	0.13	-999	-999
3175	0.002	0.010666667	0.987333333	1.54	0.04	-999	7.9	-999	0.072727273	0.048	0.0325	0.03	0.03	-999	-999
3180	0.2	0.086666667	0.713333333	1.52	0.75	-999	8.2	-999	0.311	0.28625	0.25	-999	-999	-999	-999
3181	0.06	0.023333333	0.916666667	1.72	0.04	-999	8.6	-999	0.213846154	0.179090909	0.092	0.08	0.07	-999	-999
3182	0.02	0.03	0.95	1.55	0.04	-999	8.2	-999	0.170769231	0.137272727	0.1	0.09	0.08	-999	-999
3183	0.01	0.026666667	0.963333333	1.43	0.04	-999	7.8	-999	0.139090909	0.116	0.0775	0.073333333	0.07	-999	-999
3190	0.16	0.183333333	0.656666667	1.41	1.74	-999	7.7	-999	0.387	0.37	0.318	0.286666667	0.27	-999	-999
3191	0.16	0.183333333	0.656666667	1.4	1.68	-999	7.8	-999	0.363	0.346666667	0.298	0.27	0.25	-999	-999
3192	0.16	0.2	0.64	1.44	0.75	-999	7.8	-999	0.366	0.354444444	0.316	0.29	0.26	-999	-999
3193	0.13	0.243333333	0.626666667	1.32	0.58	-999	7.9	-999	0.332	0.325555556	0.292	0.263333333	0.25	-999	-999
3194	0.08	0.243333333	0.676666667	1.5	0.12	-999	8.2	-999	0.328	0.318888889	0.288	0.26	0.24	-999	-999
3195	0.07	0.243333333	0.686666667	1.47	0.04	-999	8.2	-999	0.25	0.243333333	0.22	0.203333333	0.18	-999	-999
3200	0.15	0.09	0.76	1.27	2.3	-999	8.2	-999	0.329230769	0.277	0.221666667	0.2025	0.18	-999	-999
3201	0.15	0.073333333	0.776666667	1.74	0.94	-999	8.6	-999	0.304615385	0.288	0.258333333	0.2425	0.22	-999	-999
3202	0.22	0.07	0.71	1.7	0.27	-999	8.6	-999	0.283076923	0.261	0.228333333	0.2125	0.19	-999	-999
3203	0.1	0.053333333	0.846666667	1.7	0.27	-999	8.6	-999	0.258461538	0.234	0.19	0.1725	0.15	-999	-999
3204	0.08	0.08	0.84	1.67	0.07	-999	8.1	-999	0.238461538	0.216	0.181666667	0.1675	0.15	-999	-999
3205	0.08	0.063333333	0.856666667	1.62	0.13	-999	8.5	-999	0.1975	0.19	0.165714286	0.154	0.15	-999	-999
3206	0.01	0.023333333	0.966666667	1.69	0.13	-999	8.2	-999	0.212	0.2	0.172	0.153333333	0.14	-999	-999
3210	0.16	0.25	0.59	1.66	3	-999	7.9	-999	0.428461538	0.419	0.395	0.3775	0.35	-999	-999
3211	0.14	0.226666667	0.633333333	1.48	1.5	-999	7.8	-999	0.368461538	0.348	0.311666667	0.2875	0.25	-999	-999
3212	0.27	0.353333333	0.376666667	1.35	0.94	-999	7.8	-999	0.354615385	0.334	0.305	0.29	0.27	-999	-999
3213	0.13	0.39	0.48	1.4	0.4	-999	7.9	-999	0.453846154	0.435	0.403333333	0.3825	0.36	-999	-999
3214	0.11	0.486666667	0.403333333	1.37	0.235	-999	7.9	-999	0.520769231	0.499	0.47	0.45	0.41	-999	-999
3220	0.18	0.253333333	0.566666667	1.33	5.2	-999	8	-999	0.338461538	0.324	0.301666667	0.29	0.27	-999	-999
3221	0.19	0.243333333	0.566666667	1.51	1	-999	8	-999	0.300769231	0.267	0.235	0.22	0.2	-999	-999
3222	0.25	0.333333333	0.416666667	1.46	0.74	-999	8.1	-999	0.363846154	0.345	0.323333333	0.3125	0.3	-999	-999
3223	0.19	0.423333333	0.386666667	1.42	0.6	-999	8.1	-999	0.42	0.404	0.383333333	0.3725	0.35	-999	-999
3224	0.15	0.463333333	0.386666667	1.35	0.47	-999	8.2	-999	0.449230769	0.43	0.403333333	0.385	0.34	-999	-999
3225	0.17	0.473333333	0.356666667	1.27	0.74	-999	7.9	-999	0.428461538	0.406	0.385	0.3725	0.35	-999	-999
3232	0.007	0.0006	0.9924	1.65	0.9	0.9	4.5	-999	-999	-999	-999	-999	-999	-999	-999
3240	0.24	0.37	0.39	1.45	-999	-999	-999	1.84	0.362857143	0.345	0.3	0.3	0.28	-999	-999
3241	0.27	0.365	0.365	1.39	-999	-999	-999	2.29	0.347777778	0.325	0.271666667	0.271666667	0.25	0.2	-999
3242	0.2	0.395	0.405	1.41	-999	-999	-999	31.3	0.324444444	0.30375	0.256666667	0.256666667	0.238	0.195	-999
3243	0.17	0.405	0.425	1.49	-999	-999	-999	6.99	0.351111111	0.32625	0.275	0.275	0.254	0.205	-999
3250	0.18	0.405	0.415	1.47	-999	-999	-999	1.51	0.388333333	0.36	0.28	0.28	0.245	-999	-999
3251	0.29	0.35	0.36	1.44	-999	-999	-999	2.74	0.381428571	0.361666667	0.3225	0.3225	0.3	0.26	-999
3252	0.22	0.385	0.395	1.46	-999	-999	-999	0.144	0.36	0.343333333	0.3	0.3	0.273333333	0.24	-999
3253	0.2	0.4	0.4	1.48	-999	-999	-999	1.476	0.355714286	0.333333333	0.28	0.28	0.246666667	0.21	-999
3260	0.09	0.395	0.515	1.35	-999	-999	-999	10.8	0.257142857	0.225	0.15	0.15	0.12	0.1	-999
3261	0.09	0.345	0.565	1.43	-999	-999	-999	32	0.245714286	0.211666667	0.13	0.13	0.1	0.09	-999
3262	0.1	0.345	0.555	1.36	-999	-999	-999	35.3	0.228571429	0.198333333	0.125	0.125	0.096666667	0.08	-999
3263	0.1	0.32	0.58	1.37	-999	-999	-999	54	0.26	0.231666667	0.16	0.16	0.126666667	0.11	-999
3264	0.13	0.38	0.49	1.38	-999	-999	-999	58.1	0.304285714	0.273333333	0.195	0.195	0.156666667	0.14	-999
3281	0.48	0.125	0.395	1.61	-999	-999	-999	13.5	0.271666667	0.271666667	0.25	0.25	0.236666667	0.2	-999
3282	0.54	0.12	0.34	1.57	-999	-999	-999	3	0.316666667	0.316666667	0.295	0.295	0.283333333	0.25	-999
3283	0.32	0.18	0.5	1.64	-999	-999	-999	-999	0.288333333	0.288333333	0.2625	0.2625	0.246666667	0.21	-999
3290	0.1	0.09	0.81	1.44	2.4	-999	-999	320	0.236666667	0.21	0.166666667	0.135	0.07	0.07	-999
3291	0.1	0.085	0.815	1.55	1.9	-999	-999	103	0.235	0.214	0.17	0.135	0.07	0.07	-999
3292	0.23	0.085	0.685	1.56	0.5	-999	-999	1092.7	0.233333333	0.222	0.2	0.18	0.13	0.13	-999
3293	0.26	0.055	0.685	1.61	0.4	-999	-999	203	0.265	0.254	0.226666667	0.2	0.15	0.15	-999
3300	0.1	0.075	0.825	1.51	2.3	-999	-999	105	0.25	0.23	0.186666667	0.155	0.08	0.08	-999
3301	0.12	0.07	0.81	1.63	1.7	-999	-999	31.7	0.24	0.222	0.18	0.145	0.08	0.08	-999
3302	0.2	0.065	0.735	1.59	0.3	-999	-999	95.9	0.265	0.25	0.216666667	0.19	0.13	0.13	-999
3303	0.18	0.075	0.745	1.62	0.2	-999	-999	50.8	0.263333333	0.25	0.216666667	0.19	0.13	0.13	-999
3310	0.11	0.06	0.83	1.53	2.6	-999	-999	115	0.266666667	0.246	0.2	0.165	0.09	0.09	-999
3311	0.12	0.06	0.82	1.58	1.6	-999	-999	289	0.241666667	0.222	0.18	0.15	0.09	0.09	-999
3312	0.24	0.06	0.7	1.43	0.6	-999	-999	624	0.268333333	0.25	0.216666667	0.19	0.13	0.13	-999
3313	0.22	0.065	0.715	1.53	0.5	-999	-999	195	0.26	0.242	0.213333333	0.19	0.14	0.14	-999
3320	0.07	0.055	0.875	1.53	2.5	-999	-999	148	0.265	0.246	0.193333333	0.15	0.07	0.07	-999
3321	0.07	0.055	0.875	1.489	2.1	-999	-999	104	0.246666667	0.222	0.163333333	0.125	0.06	0.06	-999
3322	0.13	0.05	0.82	1.58	0.3	-999	-999	474	0.195	0.176	0.14	0.115	0.07	0.07	-999
3323	0.1	0.05	0.85	1.76	0.2	-999	-999	64.9	0.191666667	0.178	0.146666667	0.12	0.06	0.06	-999
3330	0.04	0.02	0.94	1.51	2.3	-999	-999	461	0.176666667	0.142	0.106666667	0.085	0.05	0.05	-999
3331	0.03	0.01	0.96	1.47	0.6	-999	-999	1530	0.113333333	0.066	0.046666667	0.035	0.02	0.02	-999
3332	0.02	0.005	0.975	1.509	0.3	-999	-999	2234	0.086666667	0.04	0.026666667	0.02	0.01	0.01	-999
3340	0.01	0.005	0.985	1.41	0.885	-999	4.183	-999	0.11472	0.069882353	0.038285714	0.016	0.016	0.014	0.008
3380	0.12	0	0.88	1.402	0.91	-999	6.2	-999	0.254117647	0.238	0.21	0.19	0.18	0.11	-999
3381	0.13	0	0.87	1.452	0.8	-999	6.3	-999	0.358571429	0.353333333	0.33	-999	-999	-999	-999
3390	0.14	0	0.86	1.423	1.01	-999	6.9	-999	0.295384615	0.27	0.24	0.23	0.21	-999	-999
3391	0.17	0	0.83	1.442	0.57	-999	6.5	-999	0.365	0.355	-999	-999	-999	-999	-999
3392	0.23	0	0.77	1.481	0.35	-999	-999	-999	0.285	0.277272727	0.26	0.25	0.23	0.2	-999
3393	0.26	0	0.74	1.561	0.28	-999	-999	-999	0.284	0.276666667	0.26875	0.26	0.25	0.22	-999
3395	0.18	0	0.82	1.709	0.34	-999	-999	-999	0.275	0.269230769	0.249	0.24	0.23	0.18	-999
4000	0.01	0.0225	0.9675	1.46	1.62	-999	-999	95.8	0.115	0.074	0.0575	0.043333333	0.043333333	0.03	-999
4001	0.01	0.0075	0.9825	1.62	0.53	-999	-999	52.5	0.098571429	0.065	0.046	0.0325	0.0325	0.02	-999
4010	0.06	0.0575	0.8825	1.44	1.85	-999	-999	35	0.1575	0.122857143	0.091666667	0.084	0.084	0.07	-999
4011	0.06	0.0575	0.8825	1.43	1.26	-999	-999	18.8	0.14125	0.111428571	0.088333333	0.076	0.076	0.055	-999
4020	0.03	0.0325	0.9375	1.32	1.94	-999	-999	214	0.155	0.116	0.0975	0.083333333	0.083333333	0.07	-999
4021	0.02	0.035	0.945	1.44	0.54	-999	-999	164	0.115	0.072	0.05	0.036666667	0.036666667	0.03	-999
4030	0.12	0.255	0.625	1.49	1.46	-999	-999	4.1	0.258333333	0.232	0.2	0.17	0.17	0.11	-999
4031	0.11	0.135	0.755	1.48	1.42	-999	-999	5.44	0.235	0.208	0.175	0.15	0.15	0.1	-999
4032	0.13	0.265	0.605	1.5	0.44	-999	-999	13.6	0.218333333	0.194	0.1625	0.136666667	0.136666667	0.08	-999
4033	0.24	0.26	0.5	1.52	0.18	-999	-999	143	0.301666667	0.286	0.2675	0.246666667	0.246666667	0.17	-999
4040	0.1	0.2325	0.6675	1.54	1.58	-999	-999	442	0.258333333	0.236	0.2075	0.173333333	0.173333333	0.1	-999
4041	0.11	0.23	0.66	1.54	0.73	-999	-999	24.1	0.238333333	0.212	0.1775	0.146666667	0.146666667	0.09	-999
4042	0.11	0.25	0.64	1.5	0.34	-999	-999	138	0.255	0.232	0.2025	0.156666667	0.156666667	0.08	-999
4043	0.17	0.2125	0.6175	1.53	0.46	-999	-999	123	0.2475	0.228571429	0.206666667	0.18	0.18	0.12	-999
4050	0.02	0.05	0.93	1.27	3.26	-999	-999	231	0.165714286	0.125	0.102	0.085	0.085	0.06	-999
4051	0.02	0.0225	0.9575	1.44	0.65	-999	-999	338.7	0.1	0.048	0.035	0.03	0.03	0.02	-999
4052	0.02	0.02	0.96	1.6	0.18	-999	-999	121.7	0.106666667	0.072	0.0475	0.026666667	0.026666667	0.01	-999
4060	0.03	0.025	0.945	1.49	2.59	-999	-999	3	0.21	0.178	0.1475	0.113333333	0.113333333	0.06	-999
4061	0.03	0.0025	0.9675	1.68	0.36	-999	-999	30.9	0.096666667	0.062	0.0425	0.03	0.03	0.02	-999
4062	0.05	0.0325	0.9175	1.68	0.32	-999	-999	13	0.136666667	0.11	0.0875	0.066666667	0.066666667	0.03	-999
4070	0.1	0.1925	0.7075	1.51	1.49	-999	-999	29.1	0.258333333	0.232	0.1975	0.156666667	0.156666667	0.09	-999
4071	0.09	0.2525	0.6575	1.47	0.42	-999	-999	92.9	0.268333333	0.244	0.215	0.173333333	0.173333333	0.09	-999
4080	0.15	0.2675	0.5825	1.44	1.6	-999	-999	318	0.278333333	0.258	0.2325	0.196666667	0.196666667	0.11	-999
4081	0.17	0.2725	0.5575	1.51	0.5	-999	-999	-999	0.266666667	0.248	0.2225	0.19	0.19	0.12	-999
4082	0.15	0.29	0.56	1.49	0.2	-999	-999	90.1	0.271666667	0.25	0.2225	0.186666667	0.186666667	0.11	-999
4090	0.11	0.2825	0.6075	1.49	0.96	-999	-999	21.89	0.258333333	0.234	0.2025	0.156666667	0.156666667	0.08	-999
4091	0.13	0.3	0.57	1.43	0.32	-999	-999	821.5	0.236666667	0.216	0.19	0.156666667	0.156666667	0.1	-999
4092	0.16	0.28	0.56	1.47	0.31	-999	-999	864	0.265	0.246	0.22	0.183333333	0.183333333	0.11	-999
4100	0.11	0.1475	0.7425	1.64	1.53	-999	-999	37.3	0.27	0.254	0.2325	0.2	0.2	0.12	-999
4101	0.16	0.1675	0.6725	1.5	0.77	-999	-999	9.28	0.273333333	0.258	0.24	0.22	0.22	0.15	-999
4102	0.18	0.165	0.655	1.53	0.44	-999	-999	106	0.276666667	0.264	0.2475	0.226666667	0.226666667	0.16	-999
4110	0.11	0.1325	0.7575	1.51	1.35	-999	-999	240.6	0.28	0.262	0.24	0.206666667	0.206666667	0.13	-999
4111	0.12	0.15	0.73	1.66	1.29	-999	-999	2.5	0.273333333	0.258	0.2375	0.206666667	0.206666667	0.13	-999
4112	0.15	0.11	0.74	1.48	0.31	-999	-999	46.7	0.241666667	0.214	0.185	0.163333333	0.163333333	0.11	-999
4120	0.5	0.1975	0.3025	1.24	2.58	-999	-999	50.8	0.39	0.374	0.355	0.33	0.33	0.28	-999
4121	0.53	0.235	0.235	1.11	1.39	-999	-999	53.19	0.435	0.418	0.3975	0.366666667	0.366666667	0.29	-999
4130	0.05	0.0475	0.9025	1.48	2.67	-999	-999	60.09	0.2	0.168	0.1325	0.096666667	0.096666667	0.07	-999
4131	0.04	0.005	0.955	1.61	0.45	-999	-999	10.99	0.158333333	0.126	0.09	0.056666667	0.056666667	0.02	-999
4132	0.06	0.015	0.925	1.71	0.14	-999	-999	79.79	0.111666667	0.072	0.0375	0.03	0.03	0.02	-999
4140	0.03	0.0325	0.9375	1.36	2.2	-999	-999	451	0.188333333	0.15	0.125	0.1	0.1	0.07	-999
4141	0.03	0.02	0.95	1.39	0.98	-999	-999	372	0.145	0.108	0.0875	0.063333333	0.063333333	0.03	-999
4142	0.01	0.015	0.975	1.63	0.18	-999	-999	175	0.09	0.048	0.0275	0.02	0.02	0.01	-999
4150	0.03	0.03	0.94	1.39	3.89	-999	-999	153	0.218333333	0.186	0.1625	0.133333333	0.133333333	0.08	-999
4151	0.03	0.015	0.955	1.62	0.88	-999	-999	110	0.153333333	0.12	0.1	0.073333333	0.073333333	0.03	-999
4152	0.03	0.01	0.96	1.69	0.2	-999	-999	83.6	0.13	0.094	0.065	0.043333333	0.043333333	0.02	-999
4160	0.11	0.0825	0.8075	1.7	1.07	-999	-999	1.06	0.205	0.19	0.1675	0.14	0.14	0.11	-999
4161	0.11	0.09	0.8	1.62	0.56	-999	-999	5.42	0.206666667	0.18	0.155	0.13	0.13	0.1	-999
4162	0.19	0.07	0.74	1.52	0.07	-999	-999	37.7	0.275	0.25	0.2225	0.186666667	0.186666667	0.13	-999
4170	0.11	0.08	0.81	1.46	0.92	-999	-999	47.3	0.228333333	0.202	0.1725	0.136666667	0.136666667	0.1	-999
4171	0.11	0.09	0.8	1.48	0.33	-999	-999	49.09	0.225	0.2	0.1725	0.136666667	0.136666667	0.1	-999
4172	0.19	0.07	0.74	1.59	0.26	-999	-999	32.3	0.225	0.198	0.165	0.13	0.13	0.09	-999
4180	0.11	0.1975	0.6925	1.53	1.86	-999	-999	755.5	0.24	0.214	0.18	0.133333333	0.133333333	0.08	-999
4181	0.13	0.21	0.66	1.45	0.47	-999	-999	48.6	0.22	0.194	0.1625	0.12	0.12	0.07	-999
4182	0.13	0.215	0.655	1.49	0.37	-999	-999	60.6	0.236666667	0.212	0.1825	0.143333333	0.143333333	0.09	-999
4183	0.21	0.17	0.62	1.6	0.27	-999	-999	358.9	0.273333333	0.258	0.24	0.216666667	0.216666667	0.17	-999
4190	0.43	0.165	0.405	1.23	-999	29.3	-999	-999	0.418	0.41	0.38	-999	-999	-999	-999
4191	0.43	0.165	0.405	1.229	-999	29.3	-999	-999	0.405	0.405	-999	-999	-999	-999	-999
4192	0.43	0.165	0.405	1.229	-999	29.3	-999	-999	0.41	0.41	-999	-999	-999	-999	-999
4193	0.43	0.165	0.405	1.229	-999	29.3	-999	-999	0.41	0.41	-999	-999	-999	-999	-999
4194	0.43	0.165	0.405	1.226	-999	29.3	-999	-999	0.415	0.415	-999	-999	-999	-999	-999
4195	0.43	0.165	0.405	1.227	-999	29.3	-999	-999	0.41	0.41	-999	-999	-999	-999	-999
4200	0.43	0.165	0.405	1.175	-999	29.3	-999	-999	0.38	0.38	-999	-999	-999	-999	-999
4201	0.43	0.165	0.405	1.173	-999	29.3	-999	-999	0.39	0.39	-999	-999	-999	-999	-999
4202	0.43	0.165	0.405	1.169	-999	29.3	-999	-999	0.395	0.395	-999	-999	-999	-999	-999
4203	0.43	0.165	0.405	1.166	-999	29.3	-999	-999	0.405	0.405	-999	-999	-999	-999	-999
4204	0.43	0.165	0.405	1.163	-999	29.3	-999	-999	0.425	0.425	-999	-999	-999	-999	-999
4210	0.43	0.165	0.405	1.186	-999	29.3	-999	-999	0.47	0.46	0.45	-999	-999	-999	-999
4211	0.43	0.165	0.405	1.188	-999	29.3	-999	-999	0.405	0.405	-999	-999	-999	-999	-999
4212	0.43	0.165	0.405	1.182	-999	29.3	-999	-999	0.42	0.42	-999	-999	-999	-999	-999
4213	0.43	0.165	0.405	1.17	-999	29.3	-999	-999	0.455	0.43	-999	-999	-999	-999	-999
4220	0.18	0.08	0.74	1.49	-999	13.1	-999	-999	0.275	0.275	0.24	-999	-999	-999	-999
4221	0.18	0.08	0.74	1.49	-999	13.1	-999	-999	0.28	0.28	0.24	-999	-999	-999	-999
4222	0.18	0.08	0.74	1.49	-999	13.1	-999	-999	0.29	0.29	0.25	-999	-999	-999	-999
4223	0.18	0.08	0.74	1.492	-999	13.1	-999	-999	0.295	0.295	0.25	-999	-999	-999	-999
4224	0.18	0.08	0.74	1.489	-999	13.1	-999	-999	0.29	0.29	0.25	-999	-999	-999	-999
4230	0.18	0.08	0.74	1.494	-999	13.1	-999	-999	0.245	0.245	-999	-999	-999	-999	-999
4231	0.18	0.08	0.74	1.494	-999	13.1	-999	-999	0.26	0.26	-999	-999	-999	-999	-999
4232	0.18	0.08	0.74	1.495	-999	13.1	-999	-999	0.265	0.265	-999	-999	-999	-999	-999
4233	0.18	0.08	0.74	1.497	-999	13.1	-999	-999	0.27	0.27	-999	-999	-999	-999	-999
4234	0.18	0.08	0.74	1.51	-999	13.1	-999	-999	0.293333333	0.293333333	0.26	-999	-999	-999	-999
4450	0.27	0.356666667	0.373333333	1.32	1.7	-999	-999	1.2	0.266285714	0.259677419	0.242380952	0.23	0.208571429	0.165	-999
4460	0.25	0.076666667	0.673333333	1.652	-999	-999	-999	367	-999	-999	-999	-999	-999	-999	-999
4470	0.12	0.1375	0.7425	1.7	-999	-999	-999	430	-999	-999	-999	-999	-999	-999	-999
4480	0.02	0.025	0.955	1.6	0.4	-999	-999	120	-999	-999	-999	-999	-999	-999	-999
4490	0.01	0.013333333	0.976666667	1.5	-999	-999	-999	276	-999	-999	-999	-999	-999	-999	-999
4500	0.1	0.063333333	0.836666667	1.65	-999	-999	-999	150	-999	-999	-999	-999	-999	-999	-999
4510	0.1	0.086	0.814	1.533	0.95	-999	5.12	-999	0.327142857	0.299	0.1775	0.116666667	0.116666667	0.075	0.02
4511	0.1	0.086	0.814	1.55	0.95	-999	5.12	-999	0.384545455	0.377142857	0.36	-999	-999	-999	-999
4512	0.1	0.086	0.814	1.55	0.95	-999	5.12	-999	0.384545455	0.377142857	0.36	-999	-999	-999	-999
4514	0.1	0.086	0.814	1.55	0.95	-999	5.12	-999	0.384545455	0.377142857	0.36	-999	-999	-999	-999
4520	0.007	0.0006	0.9924	1.43	0.27	-999	4.76	-999	0.125909091	0.080555556	0.025	0.018333333	0.018333333	0.0125	0.005
4521	0.007	0.0006	0.9924	1.43	0.27	-999	4.76	-999	0.125909091	0.080555556	0.025	0.018333333	0.018333333	0.0125	0.005
4522	0.007	0.0006	0.9924	1.43	0.27	-999	4.76	-999	0.135	0.091666667	0.025	0.018333333	0.018333333	0.0125	0.005
4523	0.007	0.0006	0.9924	1.55	0.27	-999	4.76	-999	0.135	0.091666667	0.025	0.018333333	0.018333333	0.0125	0.005
4530	0.26	0.186	0.554	1.49	2.09	-999	7.52	-999	0.315	0.293333333	0.244	0.183333333	0.183333333	0.125	0.04
4531	0.26	0.186	0.554	1.49	2.09	-999	7.52	-999	0.315	0.293333333	0.244	0.183333333	0.183333333	0.125	0.04
4532	0.26	0.186	0.554	1.49	2.09	-999	7.52	-999	0.315	0.293333333	0.244	0.183333333	0.183333333	0.125	0.04
4533	0.26	0.186	0.554	1.49	2.09	-999	7.52	-999	0.315	0.293333333	0.244	0.183333333	0.183333333	0.125	0.04
4550	0.35	0.28	0.37	1.5	0.94	11.65	6.6	-999	0.168571429	0.138333333	0.115	0.11	0.105	-999	-999
4551	0.39	0.27	0.34	1.7	0.69	12.98	6.69	-999	0.197142857	0.178333333	0.1575	0.15	0.15	-999	-999
4552	0.3	0.316666667	0.383333333	1.7	0.62	24.44	7.06	-999	0.151428571	0.133333333	0.115	0.113333333	0.11	-999	-999
4553	0.23	0.356666667	0.413333333	1.6	0.3	-999	7.35	-999	0.208571429	0.203333333	0.2	0.2	0.2	-999	-999
4560	0.35	0.28	0.37	1.34	2.72	13.48	7.15	-999	0.338571429	0.318333333	0.2825	0.273333333	0.27	-999	-999
4561	0.39	0.27	0.34	1.4	1.55	15.65	6.94	-999	0.312857143	0.31	0.3025	0.3	0.3	-999	-999
4562	0.23	0.356666667	0.413333333	1.6	-999	11.81	7.87	-999	0.267142857	0.26	0.2525	0.25	0.25	-999	-999
4564	0.23	0.326666667	0.443333333	1.6	-999	-999	7.97	-999	0.297142857	0.286666667	0.2675	0.26	0.255	-999	-999
4570	0.07	0.373333333	0.556666667	1.39	4.3	23.2	5.7	28	0.311428571	0.301666667	0.2775	0.263333333	0.25	-999	-999
4571	0.07	0.343333333	0.586666667	1.54	0.6	6.4	5.2	-999	0.3	0.288333333	0.26	0.243333333	0.23	-999	-999
4572	0.14	0.326666667	0.533333333	1.49	0.2	20.4	5	-999	0.268571429	0.256666667	0.2325	0.226666667	0.22	-999	-999
4573	0.24	0.273333333	0.486666667	1.58	0.5	20.6	4.9	-999	0.261428571	0.258333333	0.2525	0.25	0.245	-999	-999
4574	0.22	0.283333333	0.496666667	1.61	-999	20.8	4.8	-999	0.255714286	0.25	0.24	0.233333333	0.245	-999	-999
4575	0.2	0.173333333	0.626666667	1.68	-999	-999	-999	-999	0.355714286	0.351666667	0.345	0.34	0.335	-999	-999
4580	0.06	0.066666667	0.873333333	1.45	1.34	6.57	7.4	570	0.106666667	0.106666667	0.0675	0.0675	0.06	-999	-999
4581	0.06	0.076666667	0.863333333	1.62	0.74	6.45	7.2	520	0.1	0.1	0.065	0.065	0.055	-999	-999
4582	0.15	0.096666667	0.753333333	1.7	0.42	11.06	6.8	400	0.118333333	0.118333333	0.09	0.09	0.075	-999	-999
4583	0.04	0.03	0.93	1.65	-999	7.47	7.2	600	0.061666667	0.061666667	0.025	0.025	0.02	-999	-999
4590	0.24	0	0.76	1.11	3.5	-999	6.4	-999	0.399	0.352	0.32	0.3	0.27	-999	-999
4591	0.24	0	0.76	1.04	3.4	-999	6.3	-999	0.337777778	0.337777778	0.337777778	0.318571429	0.275	0.235	0.21
4592	0.24	0	0.76	1.21	3.9	-999	6.2	-999	0.341	0.341	0.301666667	0.2725	0.253333333	0.21	-999
4600	0.24	0	0.76	1.04	3.4	-999	6.3	-999	0.3275	0.3275	0.311428571	0.295	0.276	0.24	0.22
4601	0.24	0	0.76	1.04	3.4	-999	6.4	-999	0.341	0.33	0.302857143	0.286666667	0.268	0.223333333	0.2
4602	0.24	0	0.76	1.04	2.6	-999	6.4	-999	0.306	0.292222222	0.2775	0.261428571	0.243333333	0.2	0.176666667
4610	0.24	0	0.76	1.11	3.1	-999	-999	-999	0.357	0.34	0.306666667	0.286	0.2675	0.23	0.21
4611	0.24	0	0.76	1.11	3.1	-999	6.4	-999	0.351428571	0.351428571	0.327272727	0.306666667	0.265	0.2325	0.195
4612	0.24	0	0.76	1.11	3.1	-999	6.4	-999	0.288	0.28	0.258571429	0.246666667	0.22	0.185	0.17
4620	0.24	0	0.76	1.21	3.9	-999	6.2	-999	0.277142857	0.277142857	0.244	0.244	0.225	0.206666667	0.17
4621	0.24	0	0.76	1.21	3.5	-999	6.2	-999	0.334444444	0.308571429	0.293333333	0.276	0.2575	0.215	0.18
4622	0.24	0	0.76	1.21	3.2	-999	6.2	-999	0.314285714	0.296666667	0.278	0.2575	0.2575	0.215	0.19
4650	0.01	0.01	0.98	1.622	0.6	-999	3.1	9.79	0.086842105	0.05	0.036153846	0.029090909	0.023333333	0.0175	-999
4651	0.01	0.01	0.98	1.613	2.1	-999	4	190.08	0.103684211	0.07375	0.062307692	0.059090909	0.057777778	0.055	-999
4660	0.04	0.013333333	0.946666667	1.37	2.31	-999	3.8	625.536	0.122631579	0.094375	0.08	0.073636364	0.067777778	0.055	-999
4661	0.03	0.01	0.96	1.49	0.5	-999	3.9	1140.48	0.081578947	0.054375	0.044615385	0.04	0.036666667	0.03	-999
4670	0.07	0.12	0.81	1.42	0.86	7.3	3.6	88.992	0.264736842	0.235625	0.200769231	0.174545455	0.143333333	0.0925	-999
4671	0.09	0.103333333	0.806666667	1.56	0.17	7.5	3.5	12.269	0.265263158	0.240625	0.211538462	0.19	0.161111111	0.1125	-999
4672	0.18	0.103333333	0.716666667	1.61	0.17	14.5	3.3	2.419	0.301578947	0.286875	0.268461538	0.254545455	0.24	0.205	-999
4673	0.14	0.103333333	0.756666667	1.56	0.17	12.1	3.4	4.329	0.294210526	0.275	0.25	0.229090909	0.203333333	0.15	-999
4680	0.47	0.116666667	0.413333333	1.1	3.8	-999	3.9	3844.8	0.454736842	0.43875	0.419230769	0.403636364	0.386666667	0.3425	-999
4681	0.54	0.116666667	0.343333333	1.08	2.9	-999	3.9	1667.52	0.495263158	0.4825	0.466153846	0.452727273	0.436666667	0.385	-999
4690	0.2	0.295	0.505	1.32	-999	-999	-999	1.063	0.24	0.212142857	0.18	0.168	-999	-999	-999
4700	0.295	0.31	0.395	1.28	-999	-999	-999	0.806	0.274444444	0.26875	-999	-999	-999	-999	-999
4710	0.105	0.2	0.695	1.28	-999	-999	-999	3.52	0.23	0.209444444	0.135	0.12	-999	-999	-999
4720	0.04	0.025	0.935	1.48	-999	-999	-999	8.64	0.104117647	0.062222222	0.036666667	0.036666667	-999	-999	-999
4770	0.24	0.13	0.63	0.459	-999	-999	-999	-999	0.638571429	0.613636364	0.585	0.575	-999	-999	-999
4780	0.26	0.125	0.615	0.492	-999	-999	-999	950	0.611333333	0.554545455	0.516666667	0.5	-999	-999	-999
4790	0.27	0.025	0.705	0.96	-999	-999	-999	35.4	0.331666667	0.298	0.1725	0.15	-999	-999	-999
4791	0.23	0.02	0.75	1.1	-999	-999	-999	-999	0.317692308	0.294545455	0.178	0.14	-999	-999	-999
4800	0.24	0.13	0.63	0.713	-999	-999	-999	-999	0.514375	0.476666667	0.413333333	0.395	-999	-999	-999
4801	0.24	0.13	0.63	0.722	-999	-999	-999	-999	0.406923077	0.395833333	0.34	0.31	-999	-999	-999
